137
557
595
10
959
223
487
706
253
869
622
486
23
646
894
303
372
682
642
631
242
181
543
269
768
467
760
316
50
422
403
860
400
961
562
752
767
969
891
486
479
422
672
258
627
527
56
411
396
259
852
453
711
233
355
85
754
897
398
720
739
825
372
932
689
873
935
701
864
894
221
754
506
859
745
461
145
755
335
751
541
601
395
817
260
72
635
460
725
939
377
131
453
422
554
547
139
979
49
242
779
159
204
133
182
346
422
960
279
738
404
890
368
585
104
766
76
50
769
211
954
720
473
836
856
47
349
466
502
889
696
605
351
843
489
863
971
205
209
233
887
501
854
315
820
476
658
793
420
440
60
769
400
448
846
742
461
452
773
831
682
58
749
480
108
410
35
568
490
835
688
610
673
987
893
829
225
923
121
940
782
360
196
950
800
252
272
670
931
467
459
708
664
559
927
331
890
404
722
257
202
556
62
874
955
220
113
